74 74
0 0
1 1 1 1 1 1 1 1 1 1 1 1 1 1 1 1 1 1 1 1 1 1 1 1 1 1 1 1 1 1 1 1 1 1 1 1 1 1 1 1 1 1 1 1 1 1 1 1 1 1 1 1 1 1 1 1 1 1 1 1 1 1 1 1 1 1 1 1 1 1 1 1 1 1
1 3 3 3 3 3 3 3 3 3 3 3 3 3 3 3 3 3 3 3 3 2 1 1 1 1 1 1 1 1 1 1 1 2 3 3 3 3 3 3 3 3 3 57 60 51 51 51 51 51 51 51 51 51 51 51 51 51 51 51 51 51 51 51 51 51 51 51 51 51 51 51 3 1
1 3 3 3 3 3 3 3 3 3 3 3 3 3 3 3 3 3 3 3 3 2 1 1 1 1 1 1 1 1 1 1 1 2 3 3 3 3 3 3 3 3 3 57 60 51 51 51 51 51 51 51 51 51 51 51 51 51 51 51 51 51 51 51 51 51 51 51 51 51 51 51 3 1
1 3 3 3 3 3 3 3 3 3 3 3 3 3 3 3 3 3 3 3 3 2 1 1 1 1 1 1 1 1 1 1 1 2 3 3 3 3 3 3 3 3 3 57 60 51 51 51 51 51 51 51 51 51 51 51 51 51 51 51 51 51 51 51 51 51 51 51 51 51 51 51 3 1
1 3 3 3 3 3 3 3 3 3 3 3 3 3 3 3 3 3 3 3 3 2 1 1 1 1 1 1 1 1 1 1 1 49 3 3 3 3 3 3 3 3 3 57 60 51 51 51 51 51 51 51 51 51 51 51 51 51 51 51 51 51 51 51 51 51 51 51 51 51 51 51 3 1
1 3 3 3 3 3 3 3 3 3 3 3 3 3 3 3 3 3 3 3 3 2 1 1 1 1 1 1 1 1 1 1 1 2 3 3 3 3 3 3 3 3 3 57 60 51 51 51 51 51 51 51 51 51 51 51 51 51 51 51 51 51 51 51 51 51 51 51 51 51 51 51 3 1
1 3 3 3 3 3 3 3 3 3 3 3 3 3 3 3 3 3 3 3 3 2 1 1 1 1 1 1 1 1 1 1 1 2 3 3 3 3 3 3 3 3 3 57 60 51 51 51 51 51 51 51 51 51 51 51 51 51 51 51 51 51 51 51 51 51 51 51 51 51 51 51 3 1
1 3 3 3 3 3 3 3 3 3 3 3 3 3 3 3 3 3 3 3 3 2 1 1 1 1 1 1 1 1 1 1 1 49 3 3 3 3 3 3 3 3 3 57 60 51 51 51 51 51 51 51 51 51 51 51 51 51 51 51 51 51 51 51 51 51 51 51 51 51 51 51 3 1
1 3 3 3 3 3 3 3 3 3 3 3 3 3 3 3 3 3 3 3 3 2 1 1 1 1 1 1 1 1 1 1 1 2 3 3 3 3 3 3 3 3 3 57 60 51 51 51 51 51 51 51 51 51 51 51 51 51 51 51 51 51 51 51 51 51 51 51 51 51 51 51 3 1
1 3 3 3 3 3 3 3 3 3 3 3 3 3 3 3 3 3 3 3 3 2 1 1 1 1 1 1 1 1 1 1 1 2 3 3 3 3 3 3 3 3 3 57 60 51 51 51 51 51 51 51 51 51 51 51 51 51 51 51 51 51 51 51 51 51 51 51 51 51 51 51 3 1
1 3 3 3 3 3 3 3 3 3 3 3 3 3 3 3 3 3 3 3 3 55 55 55 55 40 55 55 55 40 55 55 55 55 3 3 3 3 3 3 3 3 3 57 60 51 51 51 51 51 51 51 51 51 51 51 51 51 51 51 51 51 51 51 51 51 51 51 51 51 51 51 3 1
1 3 3 3 3 3 3 3 3 3 3 3 3 3 3 3 3 3 3 3 3 58 57 57 58 3 58 57 58 3 58 57 57 58 3 3 3 3 3 3 3 3 3 57 60 51 51 51 51 51 51 51 51 51 51 51 51 51 51 51 51 51 51 51 51 51 51 51 51 51 51 51 3 1
1 3 3 60 60 60 60 60 60 60 60 60 60 60 60 60 60 60 60 3 3 3 3 3 3 3 3 3 3 3 3 3 3 3 3 3 3 3 3 3 3 3 3 57 60 51 51 51 51 51 51 51 51 51 51 51 51 51 51 51 51 51 51 51 51 51 51 51 51 51 51 51 3 1
1 3 3 60 66 66 66 66 66 51 51 51 51 51 51 51 51 51 60 3 3 3 3 3 3 3 3 3 3 3 3 3 3 3 3 3 3 3 3 3 3 3 3 3 3 51 51 51 51 51 51 51 51 51 51 51 51 51 51 51 51 51 51 51 51 51 51 51 51 51 51 51 3 1
1 3 3 60 66 66 66 66 66 3 15 51 51 51 51 51 51 51 60 3 3 3 3 3 3 3 3 3 3 3 3 3 3 3 3 3 3 3 3 3 3 3 3 3 3 51 51 51 51 51 51 51 51 51 51 51 51 51 51 51 51 51 51 51 51 51 51 51 51 51 51 51 3 1
1 3 3 60 66 66 66 66 66 3 15 4 42 51 51 51 51 51 60 60 60 60 60 60 60 60 60 60 60 3 3 3 3 3 3 3 3 3 3 3 3 3 3 3 3 51 51 51 51 51 51 51 51 51 51 51 51 51 51 51 51 51 51 51 51 51 51 51 51 51 51 51 3 1
1 3 3 60 66 66 66 66 66 3 15 4 42 51 51 51 51 51 51 51 51 51 51 51 51 51 51 51 60 3 3 3 3 3 3 3 3 3 3 3 3 3 3 3 3 51 51 51 51 51 51 51 51 51 51 51 51 51 51 51 51 51 51 51 51 51 51 51 51 51 51 51 3 1
1 3 3 60 66 66 66 66 66 3 15 4 44 51 51 51 51 51 51 51 51 51 1 1 1 1 51 51 60 3 3 3 3 3 3 3 3 3 3 3 3 3 3 3 3 51 51 51 51 51 51 51 51 51 51 51 51 51 51 51 51 51 51 51 51 51 51 51 51 51 51 51 3 1
1 3 3 60 66 66 3 3 3 3 15 4 44 51 51 51 51 51 51 51 51 51 1 1 1 39 51 51 60 3 3 3 3 3 3 3 3 3 3 3 3 3 3 3 3 51 51 51 51 51 51 51 51 51 51 51 51 51 51 51 51 51 51 51 51 51 51 51 51 51 51 51 3 1
1 3 3 60 66 66 3 20 14 14 30 4 42 51 51 51 51 51 51 51 51 51 1 1 1 1 51 51 60 3 3 3 3 3 3 3 3 3 3 3 3 3 3 57 60 51 51 51 51 51 51 51 51 51 51 51 51 51 51 51 51 51 51 51 51 51 51 51 51 51 51 51 3 1
1 3 3 60 66 66 3 15 4 4 4 4 42 51 51 51 51 51 51 51 51 51 51 51 51 51 51 51 60 3 3 3 3 3 3 3 3 3 3 3 3 3 3 57 60 51 51 51 51 51 51 51 51 51 51 51 51 51 51 51 51 51 51 51 51 51 51 51 51 51 51 51 3 1
1 3 3 60 66 66 3 15 4 32 41 41 51 51 51 51 51 51 51 51 51 51 51 51 51 51 51 51 3 3 3 3 3 3 3 3 3 3 3 3 3 3 3 57 60 51 51 51 51 51 51 51 51 51 51 51 51 51 51 51 51 51 51 51 51 51 51 51 51 51 51 51 3 1
1 3 3 60 66 66 3 15 4 42 51 51 51 51 51 51 51 51 51 51 51 51 51 51 51 51 51 51 3 3 3 3 3 3 3 3 3 3 3 3 3 3 3 57 60 51 51 51 51 51 51 51 51 51 51 51 51 51 51 51 51 51 51 51 51 51 51 51 51 51 51 51 3 1
1 3 3 60 66 66 3 15 4 42 51 51 51 51 51 51 51 51 51 51 51 51 51 51 51 51 51 51 3 3 3 3 3 3 3 3 3 3 3 3 3 3 3 57 60 51 51 51 51 51 51 51 51 51 51 51 51 51 51 51 51 51 51 51 51 51 51 51 51 51 51 51 3 1
1 3 3 60 66 66 3 15 4 48 51 51 51 51 51 51 51 51 51 51 51 51 51 51 51 51 51 51 60 3 3 3 3 3 3 3 3 3 3 3 3 3 3 57 60 51 51 51 51 51 51 51 51 51 51 51 51 51 51 51 51 51 51 51 51 51 51 51 51 51 51 51 3 1
1 3 3 60 51 3 3 15 4 42 51 51 51 51 51 51 51 51 51 51 51 51 1 1 1 1 51 51 60 3 3 3 3 3 3 3 3 3 3 3 3 3 3 57 60 51 51 51 51 51 51 51 51 51 51 51 51 51 51 51 51 51 51 51 51 51 51 51 51 51 51 51 3 1
1 3 3 60 51 14 14 30 4 42 51 51 51 51 51 51 51 51 51 51 51 51 1 1 1 39 51 51 60 3 3 3 3 3 3 3 3 3 3 3 3 3 3 57 60 51 51 51 51 51 51 51 51 51 51 51 51 51 51 51 51 51 51 51 51 51 51 51 51 51 51 51 3 1
1 3 3 60 51 51 4 4 4 42 51 51 51 51 51 51 51 51 51 51 51 51 1 1 1 1 51 51 60 3 3 3 3 3 3 3 3 3 3 3 3 3 3 57 60 51 51 51 51 51 51 51 51 51 51 51 51 51 51 51 51 51 51 51 51 51 51 51 51 51 51 51 3 1
1 3 3 60 51 51 41 43 41 51 51 51 51 51 51 51 51 51 51 51 51 51 51 51 51 51 51 51 60 3 3 3 3 3 3 3 3 3 3 3 3 3 3 57 60 51 51 51 51 51 51 51 51 51 51 51 51 51 51 51 51 51 51 51 51 51 51 51 51 51 51 51 3 1
1 3 3 60 51 51 51 51 51 51 51 51 51 51 51 51 51 51 51 51 51 51 51 51 51 51 51 51 60 3 3 3 3 3 3 3 3 3 3 3 3 3 3 57 60 51 51 51 51 51 51 51 51 51 51 51 51 51 51 51 51 51 51 51 51 51 51 51 51 51 51 51 3 1
1 3 3 60 60 60 60 60 60 60 60 60 60 60 60 60 60 60 5 5 60 60 60 60 60 60 60 60 60 3 3 3 3 3 3 3 3 3 3 3 3 3 3 57 60 51 51 51 51 51 51 51 51 51 51 51 51 51 51 51 51 51 51 51 51 51 51 51 51 51 51 51 3 1
1 3 3 3 3 3 3 3 3 3 3 3 3 3 3 3 3 3 3 3 3 3 3 3 3 3 3 3 3 3 3 3 3 3 3 3 3 3 3 3 3 3 3 57 60 60 60 60 60 60 60 60 60 60 60 60 60 60 60 60 60 60 60 60 60 60 60 60 60 60 60 60 60 1
1 3 3 3 3 3 3 3 3 3 3 3 3 3 3 3 3 3 3 3 3 3 3 3 3 3 3 3 3 3 3 3 3 3 3 3 3 3 3 3 3 3 3 57 57 57 57 57 57 57 57 57 57 57 57 57 57 57 57 57 57 57 57 57 57 57 57 57 57 57 57 57 57 1
1 3 3 3 3 3 3 3 3 3 3 3 3 3 3 3 3 3 3 3 3 3 3 3 3 3 3 3 3 3 3 3 3 3 3 3 3 3 3 3 3 3 3 3 3 3 3 3 3 3 3 3 3 3 3 3 3 3 3 3 3 3 3 3 3 3 3 3 3 3 3 3 3 1
1 3 3 3 3 3 3 3 3 3 3 3 3 3 3 3 3 3 3 3 3 3 3 3 3 3 3 3 3 3 3 3 3 3 3 3 3 3 3 3 3 3 3 3 3 3 3 3 3 3 3 3 3 3 3 3 3 3 3 3 3 3 3 3 3 3 3 3 3 3 3 3 3 1
1 3 3 3 3 3 3 3 3 3 3 3 3 3 3 3 3 3 3 3 3 3 3 3 3 3 3 3 3 3 3 3 3 3 3 3 3 3 3 3 3 3 3 3 3 3 3 3 3 3 3 3 3 3 3 3 3 3 3 3 3 3 3 3 3 3 3 3 3 3 3 3 3 1
1 3 3 3 3 3 3 3 3 3 3 3 3 3 3 3 3 3 3 3 3 3 3 3 3 3 3 3 3 3 3 3 3 3 3 3 3 3 3 3 3 3 3 3 3 3 3 3 3 3 3 3 3 3 3 3 3 3 3 3 3 66 66 66 66 57 57 57 57 57 3 3 3 1
1 3 3 3 3 3 3 3 3 3 3 3 3 3 3 3 3 3 3 3 3 3 3 3 3 3 3 3 3 3 3 3 3 3 3 3 3 3 3 3 3 3 3 3 3 3 3 3 3 3 3 3 3 3 3 3 3 3 3 3 3 66 66 66 66 3 15 51 51 57 3 3 3 1
1 3 3 3 3 3 3 3 3 3 3 3 3 3 3 3 3 3 3 3 3 3 3 3 3 3 3 3 3 3 3 3 3 3 3 3 3 3 3 3 3 3 3 3 3 3 3 3 3 3 3 3 3 3 3 3 3 3 3 3 3 66 66 66 66 3 15 4 42 57 3 3 3 1
1 3 3 3 3 3 3 3 3 3 3 3 3 3 3 3 3 3 3 3 3 3 3 3 3 3 3 3 3 3 3 3 3 3 3 3 3 3 3 3 3 3 3 3 3 3 3 3 3 3 3 3 3 3 3 3 3 3 3 3 3 66 66 66 66 3 15 4 48 57 3 3 3 1
1 3 3 3 3 3 3 3 3 3 3 3 3 3 3 3 3 3 3 3 3 3 3 3 3 3 3 3 3 3 3 3 3 3 3 3 3 3 3 3 3 3 3 3 3 3 3 3 3 3 3 3 3 3 3 3 3 3 3 3 3 66 66 66 66 3 15 4 42 57 3 3 3 1
1 2 2 2 2 2 2 2 2 2 2 3 3 2 2 2 2 2 29 2 2 2 2 2 2 29 2 2 2 2 2 2 3 3 2 2 2 2 2 2 2 2 3 3 3 3 3 3 3 3 3 3 3 3 3 3 3 3 3 3 3 66 66 66 66 3 15 4 42 57 3 3 3 1
1 3 3 3 2 3 3 3 3 3 3 3 3 3 3 3 3 3 3 3 3 3 3 3 3 3 3 3 3 3 3 3 3 3 3 3 3 3 3 3 3 2 3 3 3 3 3 3 3 3 3 3 3 3 3 3 3 3 3 3 3 66 66 66 66 3 15 4 48 57 3 3 3 1
1 3 3 3 50 3 3 3 3 3 3 3 3 3 3 3 3 3 3 3 3 3 3 3 3 3 3 3 3 2 3 3 3 3 3 3 3 3 3 3 3 2 3 3 3 3 3 3 3 3 3 3 3 3 3 3 3 3 3 3 3 66 66 66 66 3 15 4 42 57 3 3 3 1
1 3 3 3 3 3 3 3 3 3 3 3 3 3 3 3 3 3 3 3 3 3 3 3 3 3 3 3 3 2 3 3 3 3 3 3 3 2 3 3 3 2 3 3 3 3 3 3 3 3 3 3 3 3 3 3 3 3 3 3 3 66 66 66 66 3 15 4 42 57 3 3 3 1
1 3 3 3 3 3 3 3 3 3 3 3 2 2 50 2 2 2 2 2 2 2 3 3 2 40 2 2 2 2 3 3 3 3 3 3 3 2 3 3 3 2 3 3 3 3 3 3 3 3 3 3 3 3 3 3 3 3 3 3 3 66 66 66 66 3 15 4 48 57 3 3 3 1
1 2 2 2 50 2 2 2 3 3 3 3 3 3 3 3 2 3 3 3 3 2 3 3 3 3 3 3 3 2 3 3 3 3 3 3 3 2 3 3 3 2 3 3 3 3 3 3 3 3 3 3 3 3 3 3 3 3 3 3 3 57 3 3 3 3 15 4 42 57 3 3 3 1
1 3 3 3 3 3 3 3 3 3 3 3 3 3 3 3 2 3 3 3 3 49 3 3 3 3 3 3 3 2 3 3 3 3 3 3 3 2 3 3 3 2 3 3 3 3 3 3 3 3 3 3 3 3 3 3 3 3 3 3 3 57 14 14 14 14 30 4 42 57 3 3 3 1
1 3 3 3 3 3 3 3 3 3 3 3 3 3 3 3 2 3 3 3 3 2 3 3 3 3 3 2 2 2 29 2 2 3 3 3 3 49 3 3 3 2 3 3 3 3 3 3 3 3 3 3 3 3 3 3 3 3 3 3 3 57 51 4 4 4 4 75 51 57 3 3 3 1
1 3 3 3 3 2 2 2 2 2 2 2 2 2 3 3 3 3 3 3 3 2 3 3 3 3 3 3 3 2 3 3 2 3 3 3 3 2 3 3 3 2 3 3 3 3 3 3 3 3 3 3 3 3 3 52 3 3 3 3 3 57 51 41 47 41 47 51 51 57 3 3 3 1
1 3 3 3 3 2 3 3 3 3 3 3 3 3 3 3 3 3 3 3 3 2 3 3 3 3 3 3 3 2 3 3 2 3 3 3 3 2 3 3 3 2 3 3 3 3 3 3 3 3 3 3 3 53 3 3 3 3 3 3 52 57 57 57 57 57 57 57 57 57 3 3 3 1
1 3 3 3 3 39 3 3 3 3 3 3 3 3 3 3 3 3 3 3 3 2 3 3 3 3 2 3 3 2 3 3 2 2 2 2 2 2 3 3 3 2 3 3 3 3 3 3 3 3 3 3 3 3 3 3 3 3 3 3 3 3 3 3 3 3 3 3 3 3 3 3 3 1
1 3 3 3 3 2 3 3 3 3 3 3 3 3 3 3 3 3 3 2 50 2 2 2 2 2 2 3 3 3 3 3 2 3 3 3 3 3 3 3 3 2 3 3 3 3 3 3 3 3 3 3 3 3 3 3 3 3 3 3 3 3 3 3 3 3 3 3 3 3 3 3 3 1
1 3 3 3 3 2 3 3 3 3 3 3 3 3 3 3 3 3 3 3 3 3 3 3 3 3 2 3 3 3 3 3 2 3 3 3 3 3 3 3 3 2 3 3 3 3 3 3 3 3 52 3 3 3 3 3 3 3 3 54 3 3 3 54 3 3 52 3 3 3 3 3 3 1
1 2 29 2 2 2 3 2 2 2 2 2 2 2 2 2 3 3 3 3 3 3 3 3 3 3 2 3 3 3 3 3 2 3 3 3 3 3 3 3 3 2 3 3 3 3 3 3 3 3 3 3 3 3 3 3 52 3 3 3 3 3 3 3 3 3 3 3 3 3 3 3 3 1
1 3 3 3 3 2 3 3 3 3 3 3 3 3 3 2 3 3 3 3 3 3 3 3 3 3 2 3 3 3 3 3 2 3 3 3 3 3 3 3 3 2 3 3 3 3 3 3 3 53 3 3 3 3 3 3 3 3 3 3 3 3 3 3 3 3 3 3 3 3 3 3 3 1
1 3 3 3 3 2 3 3 3 3 3 3 3 3 3 2 3 3 3 3 3 3 3 2 2 29 2 2 50 2 2 2 2 2 2 2 2 2 3 3 3 2 3 3 3 3 3 3 3 3 3 53 3 3 3 3 3 3 3 3 3 52 3 3 3 3 3 3 3 53 3 3 3 1
1 3 3 3 3 49 3 3 3 3 3 3 3 3 3 2 3 3 3 3 3 3 3 2 3 3 3 3 3 3 2 3 3 3 3 3 3 3 3 3 3 2 3 3 3 3 3 3 3 3 3 3 3 3 3 3 3 3 3 3 3 3 3 3 3 3 3 3 3 3 3 3 3 1
1 3 3 3 3 2 3 3 3 3 3 3 3 3 3 2 2 50 2 2 3 3 3 2 3 3 3 3 3 3 39 3 3 3 3 3 3 3 3 3 3 2 3 3 3 3 53 3 3 3 3 3 3 3 52 3 3 3 3 3 3 3 3 3 3 3 52 3 3 53 3 3 3 1
1 3 3 3 3 2 3 3 3 3 2 3 3 3 3 2 3 3 3 3 3 3 3 3 3 3 3 3 3 3 2 3 3 3 3 3 3 3 3 3 3 3 3 3 3 3 3 3 3 3 3 3 3 3 3 3 3 3 3 3 3 3 3 3 3 3 3 3 3 3 3 3 3 1
1 3 3 3 3 3 3 3 3 3 2 3 3 3 3 2 3 3 3 3 3 3 3 3 3 3 2 3 3 3 2 3 3 3 3 2 3 3 3 3 3 3 3 3 3 3 3 3 3 3 3 52 3 3 3 3 3 3 3 52 3 3 3 3 3 3 3 3 3 53 3 3 3 1
1 3 3 2 3 3 3 3 3 3 2 3 3 3 3 2 3 3 3 3 3 3 3 3 3 3 2 3 3 3 3 3 3 3 3 2 3 3 3 3 3 2 3 3 3 3 3 3 3 3 3 3 3 3 53 3 3 3 3 3 3 3 3 3 52 3 3 3 3 3 3 3 3 1
1 3 3 2 3 3 3 3 2 2 2 2 2 2 2 2 3 3 3 2 3 3 3 3 3 3 2 3 3 3 3 3 3 3 3 2 3 3 3 3 3 2 3 3 3 3 3 3 3 3 53 3 3 3 3 3 3 3 3 3 3 3 3 3 3 3 3 3 3 53 3 3 3 1
1 3 3 2 3 3 3 3 3 3 2 3 3 3 3 2 3 3 3 2 3 3 3 2 2 2 2 3 3 3 3 3 3 3 3 49 3 3 3 3 3 2 3 3 3 3 3 3 3 3 3 3 3 3 3 3 3 52 3 3 3 3 3 3 3 3 3 3 3 3 3 3 3 1
1 3 3 2 3 3 3 3 3 3 2 3 3 3 3 2 3 3 3 39 3 3 3 3 3 3 2 3 3 3 2 3 3 3 3 2 3 3 3 3 3 2 3 3 3 3 3 3 3 3 3 3 3 3 3 3 3 3 3 3 3 3 52 3 3 3 3 3 3 3 3 3 3 1
1 3 3 2 3 3 3 3 3 3 3 3 3 3 3 2 3 3 3 2 3 3 3 3 3 3 2 3 3 3 2 3 3 3 3 2 3 3 3 3 3 2 3 3 3 3 3 3 3 3 3 3 3 3 52 3 3 3 3 3 3 3 3 3 3 3 3 3 3 3 3 3 3 1
1 3 3 2 3 3 3 3 3 3 3 3 3 3 3 39 3 3 3 2 3 3 3 3 3 3 2 3 3 3 2 3 3 3 3 2 3 3 3 3 3 2 3 3 3 3 3 3 3 3 52 3 3 3 3 3 3 3 3 3 3 3 3 3 3 3 3 3 3 3 3 3 3 1
1 3 3 2 2 29 2 2 2 2 29 2 3 3 3 2 3 3 3 2 2 2 2 2 29 2 2 3 3 3 2 2 2 2 2 2 2 2 2 3 3 2 3 3 3 3 3 3 3 3 3 3 3 3 3 3 3 3 3 3 54 3 3 3 3 3 3 3 3 52 3 3 3 1
1 3 3 2 3 3 3 3 2 3 3 3 3 3 3 2 3 3 3 2 3 3 3 3 3 3 3 3 3 3 2 3 3 3 3 3 3 3 2 3 3 2 3 3 3 3 3 3 3 3 3 3 3 3 3 3 3 52 3 3 3 3 3 3 3 3 3 3 3 3 3 3 3 1
1 3 3 2 3 3 3 3 2 3 3 3 3 3 3 2 3 3 3 2 3 3 3 3 3 3 3 3 3 3 2 3 3 3 3 3 3 3 2 3 3 2 3 3 3 3 3 3 3 3 3 3 3 3 3 3 3 3 3 3 3 3 3 3 52 3 3 3 3 3 3 3 3 1
1 3 3 2 3 3 3 3 3 3 3 3 3 3 3 2 3 3 3 2 3 3 3 3 3 3 3 3 3 3 39 3 3 3 3 3 3 3 2 3 3 2 3 3 3 3 3 3 3 3 3 3 3 3 52 3 3 3 3 3 3 3 3 3 3 3 3 3 3 3 3 3 3 1
1 3 3 2 3 3 3 3 3 3 3 3 3 3 3 2 3 3 3 2 3 3 3 3 2 3 3 3 3 3 2 3 3 3 3 3 3 3 3 3 3 2 3 3 3 3 3 3 3 3 3 3 3 3 3 3 3 3 3 3 3 3 3 3 3 3 3 3 3 3 3 3 3 1
1 3 3 2 3 3 3 3 3 3 3 3 3 3 3 3 3 3 3 2 3 3 3 3 2 3 3 3 3 3 2 3 3 3 3 3 3 3 3 3 3 2 3 3 3 3 3 3 3 3 3 3 3 3 3 3 3 3 3 3 3 3 3 3 3 3 3 3 3 3 3 3 3 1
1 1 1 1 1 1 1 1 1 1 1 1 1 1 1 1 1 1 1 1 1 1 1 1 1 1 1 1 1 1 1 1 1 1 1 1 1 1 1 1 1 1 1 1 1 1 1 1 1 1 1 1 1 1 1 1 1 1 1 1 1 1 1 1 1 1 1 1 1 1 1 1 1 1
